model: yolo26n-seg.pt
project: cvmgr
name: glass
lr0: 0.003699104980261423
lrf: 0.5979422920497174
momentum: 0.9465913964057453
weight_decay: 0.0008001420494592844
warmup_epochs: 4.8359296936824006
warmup_momentum: 0.3739645749046076
box: 6.20561833356561
cls: 2.2499148711407884
cls_pw: 0.8737092258985575
dfl: 11.140959880032158
hsv_h: 0.05145371148786216
hsv_s: 0.7025276457107404
hsv_v: 0.4029426282023721
degrees: 18.185775987650654
translate: 0.21882295853213574
scale: 0.35606033990053426
shear: 4.156557550218599
perspective: 0.00045753863693828565
flipud: 0.304029586737254
fliplr: 0.3020337398645042
bgr: 0.4025930264877444
mosaic: 0.6262734012833797
mixup: 0.43167115264042394
cutmix: 0.474815116272542
copy_paste: 0.19418093550753318
close_mosaic: 4